6
N = 3
5 1 3
2 0 2
3 1 5
N = 3
5 1 3
2 0 2
0 1 5
N = 5
9041 32012 18599 28325 26797
25403 29585 21697 1029 8555
7321 29218 6331 29218 7321
8555 1029 21697 29585 25403
26797 28325 18599 32012 9041
N = 5
90414 32012 18599 28325 26797
32012 29585 21697 31029 85557
18599 21697 63316 29218 73215
28325 31029 29218 32012 25403
26797 85557 73215 25403 76352
N = 20
5305 23835 29218 25014 23404 22440 7885 28164 18906 29592 12686 11596 9121 9377 21398 22283 26912 13625 721 6542
22327 22350 12231 20560 5197 11576 29376 29827 11928 24300 7211 31725 20376 3954 9280 6645 18661 18073 15845 5886
24107 8937 4302 12787 28787 26585 24297 16419 28324 15426 6393 32592 12105 11540 9856 19970 6036 18504 25827 15905
13219 25621 8649 13763 9219 26215 5316 4675 1139 8333 7219 403 12266 4913 16743 1491 1499 11918 18436 22306
5303 25309 19626 6068 19892 5392 14037 3620 9677 19395 514 23052 18441 10352 8724 22228 15617 226 1781 8391
11164 11500 896 28780 5918 23642 7071 16403 15969 2344 32176 28590 97 23026 11054 23266 27135 2220 5261 5470
20734 8595 11365 16748 8274 11875 13779 13509 14746 8651 21021 24490 4075 5918 4500 10800 24527 14923 3007 15324
10381 27663 17077 24943 19115 30313 21963 1283 28594 25935 18287 27735 7985 22431 23124 12648 9476 23640 18896 10561
11478 12298 24962 11539 14053 28299 14391 31112 18949 3308 4622 6229 1768 12203 11739 2063 156 12586 458 5695
32341 27744 11077 8120 2669 8143 5655 11048 29353 31926 7889 4590 7614 13959 13420 11051 23060 9883 15665 11548
11548 15665 9883 23060 11051 13420 13959 7614 4590 7889 31926 29353 11048 5655 8143 2669 8120 11077 27744 32341
5695 458 12586 156 2063 11739 12203 1768 6229 4622 3308 18949 31112 14391 28299 14053 11539 24962 12298 11478
10561 18896 23640 9476 12648 23124 22431 7985 27735 18287 25935 28594 1283 21963 30313 19115 24943 17077 27663 10381
15324 3007 14923 24527 10800 4500 5918 4075 24490 21021 8651 14746 13509 13779 11875 8274 16748 11365 8595 20734
5470 5261 2220 27135 23266 11054 23026 97 28590 32176 2344 15969 16403 7071 23642 5918 28780 896 11500 11164
8391 1781 226 15617 22228 8724 10352 18441 23052 514 19395 9677 3620 14037 5392 19892 6068 19626 25309 5303
22306 18436 11918 1499 1491 16743 4913 12266 403 7219 8333 1139 4675 5316 26215 9219 13763 8649 25621 13219
15905 25827 18504 6036 19970 9856 11540 12105 32592 6393 15426 28324 16419 24297 26585 28787 12787 4302 8937 24107
5886 15845 18073 18661 6645 9280 3954 20376 31725 7211 24300 11928 29827 29376 11576 5197 20560 12231 22350 22327
6542 721 13625 26912 22283 21398 9377 9121 11596 12686 29592 18906 28164 7885 22440 23404 25014 29218 23835 5305
N = 50
10452 22267 2673 3453 26245 17814 30676 2299 23380 6797 8962 15478 2069 3059 22 18602 21349 19330 2351 20815 23531 8148 17102 32749 16349 7639 24447 10482 32197 5755 18108 18178 21125 3245 782 16526 14488 18313 23413 11176 27804 21707 7178 1045 6925 3975 20963 1956 6996 32539
32311 11455 23552 8801 1218 26432 25683 31529 22891 12166 3840 28134 12581 32711 25139 18855 14867 15271 10450 3145 7919 13834 12546 14059 22956 18727 21486 18083 6490 13535 10948 9583 16203 14156 5375 10095 14196 5020 29676 26705 12309 31520 16231 7436 29853 3232 22502 11729 28616 24050
14778 11326 6410 17354 30097 31190 20784 19412 4670 12974 29253 7424 15293 12392 5810 12830 25457 14693 23466 8874 13745 12343 8901 28137 2179 22357 5867 31797 10151 32019 30836 19092 8664 9169 29837 29840 31566 31346 3038 4163 27015 14608 19562 4274 31815 13805 25270 8796 22494 18093
17965 13842 25769 16835 1219 11784 6107 13354 29145 24877 14717 8021 15456 26808 19380 21352 12354 27651 30531 14760 9981 24221 8528 9008 27537 25755 3691 28647 5533 20782 14028 8622 8133 29563 12252 12254 15702 9638 20216 12017 13101 21040 26993 8319 14293 25476 21975 32621 7919 20940
4727 23649 21463 17161 13602 7800 26500 29027 2096 15420 13744 19389 30917 208 25913 1165 14931 12654 18376 747 17248 10004 23728 27112 1930 12409 31513 10784 4808 20550 26461 20883 27122 11139 22450 3504 21636 15439 11274 5043 29599 7381 23863 25393 19024 32379 26451 5873 6933 8540
13151 14334 16029 24569 17450 18170 22480 9003 10868 28597 2319 21085 1108 6911 3773 5111 3031 21178 25342 29213 30954 11315 20158 14234 14970 11442 3062 6423 19161 23631 23850 32401 9060 31496 15927 266 4963 3089 4683 28798 32304 11115 29493 30232 17564 25016 1503 9894 23950 27214
30744 6475 25069 8074 2967 22131 4032 358 21053 13068 2196 2638 32667 27636 20254 17968 29620 5549 18466 24531 25348 13400 17044 6249 16321 4065 19196 23911 18528 6263 19999 28820 24411 28479 20187 22112 4146 26441 13139 32376 26032 4803 27980 23191 30063 12396 471 22431 17566 3404
13361 27880 27138 11939 22503 13784 4411 22559 3645 18868 17225 16977 29393 17845 6222 5474 31612 15711 13973 31746 3961 1294 17108 25250 6601 2770 9646 14051 6869 12668 19068 15182 32086 25081 15181 17221 12914 18143 15915 27449 22823 26182 22433 8478 29933 3545 22138 4380 30615 17709
19658 19080 8827 14929 6707 12562 722 23718 27489 3648 3426 6640 21207 22299 7514 29102 24302 31272 23165 21159 20762 18841 19074 30406 23152 21957 4539 12583 357 19414 9974 25202 5337 11457 32417 1896 20564 28796 28977 5563 5519 26987 24772 6947 24374 31771 25092 21166 20716 32562
27727 9304 2192 22438 21782 17115 5310 9518 6787 23496 13465 4854 16735 3543 17608 8343 18994 6523 32191 30534 428 32698 26432 8011 12355 828 9505 10678 27934 16290 335 8781 6194 19225 22291 24008 16299 5678 17300 30785 29837 32228 16286 6118 21147 17411 1697 18417 16248 25012
28413 32730 9484 26699 6012 10954 11049 25700 3616 17236 13422 30513 21536 22368 8812 6674 25389 2151 9480 16486 6137 23526 6432 19362 9722 28684 14962 1440 30828 26806 11449 5433 9365 10398 8216 8469 20812 10959 5308 5314 14268 4189 446 15364 8550 13906 25414 10348 1893 26603
29686 5420 14070 261 5510 15658 7991 5330 11435 22355 11311 27856 29758 11570 21263 29692 2970 32705 13239 25155 17478 11903 29564 15417 29396 21698 13609 31501 18184 20815 21059 28861 28477 27688 14738 15494 2821 3749 5852 25503 12560 16838 10228 25126 3151 26312 25332 18523 21592 24054
20934 14348 9485 4034 18153 22096 31096 3092 20337 1400 19962 13282 1616 31555 11685 8449 11477 1873 12006 16443 11378 7642 9063 20897 26050 31392 32563 17186 28874 28706 15132 6493 12928 14099 13914 23220 27529 21002 23412 12450 9287 22907 3172 13134 6675 17382 6646 4960 4551 32334
19057 5651 13184 26861 13177 6027 21410 3110 27444 1898 19740 6587 21676 5022 20717 3648 2932 30076 20199 1744 12943 5395 23474 7934 10893 30394 14357 27406 29431 9964 23921 25190 15085 6230 13198 20031 25870 10285 21402 4256 664 15557 31855 22413 2512 12896 7189 4220 19365 2628
4744 12296 27792 4112 4539 8681 25790 26959 16092 29988 19313 17230 30938 6271 29092 4907 26661 15160 4078 7215 15285 9718 2984 12381 14157 8192 5970 24395 30465 13485 12851 1841 3062 27932 19264 31808 22121 21028 2879 14901 16626 19086 2604 21549 16650 10626 29660 5819 16588 320
24544 4152 22008 3601 24748 29530 27197 19836 3577 2056 14520 5564 3687 7789 17592 16754 25703 14412 11716 17304 600 23699 1247 14262 27120 18738 1802 16984 23262 30509 24843 21951 21677 9456 24685 11991 28652 23268 13768 7785 21132 7743 11330 29330 17289 17952 31318 5236 8653 9947
4052 11819 16977 1937 1321 27906 31109 5637 4065 13287 21490 19626 8298 21021 16925 32513 3355 4657 15279 33 28276 13615 7636 6039 4264 11797 18657 14449 7768 12680 16697 11926 26786 28102 22385 13913 28762 32476 7090 12877 5271 29465 8287 29530 2674 29634 20472 18192 522 26119
23103 16444 7372 6198 31897 28089 6385 20271 10678 29577 22087 18456 21620 14884 6197 594 25089 10256 10489 26027 1856 6578 16949 6357 5487 2916 24234 7191 31238 10696 22851 31810 30178 15451 32085 12775 20386 7757 27685 199 1362 14736 31659 27531 16711 14383 29333 4021 5705 24545
17807 32215 18168 19422 14786 25090 7272 30961 4250 4226 4111 22478 8397 19144 19681 22951 153 20648 19385 11002 9549 4549 3835 4269 7178 4937 16759 7004 16331 24025 15505 9458 4259 1992 14751 19574 4166 12170 12947 25640 18379 31340 13786 1485 23216 27523 12676 16711 19231 9954
31140 6504 21359 29968 3578 17160 30958 6842 25295 23125 15326 22692 12577 619 2237 10213 4608 8997 20170 1620 26936 14642 24516 26430 25392 27755 31989 7258 2578 24675 13679 19198 13868 29504 31126 16786 23959 24266 2014 16710 1814 28610 5846 4096 25664 18293 24678 26264 22242 23441
29268 3912 26015 10294 26637 18526 25561 18512 29091 16180 20693 26661 19474 14178 12825 17962 3783 12850 27929 13851 29283 10837 25619 23114 29884 14292 23096 1848 32292 12361 25356 1378 27631 5966 24847 9565 9263 29494 22429 23077 5826 23035 5139 19891 20367 19064 29235 9165 32268 9688
16330 24354 5636 23887 911 7318 28055 10248 11087 6363 31874 21854 25927 13377 8352 3918 10450 26831 2993 8492 12868 26258 15963 5782 30229 18997 13422 18087 20290 8658 9836 8044 27888 13320 1097 17820 17234 15694 3439 23683 974 6022 10757 2624 24667 32726 26993 3120 7726 28339
18971 28586 15253 13886 11892 17133 11555 23252 9016 21078 30221 23008 23280 17879 8148 21236 698 12964 21796 18201 21580 29999 9213 25187 2359 26455 11024 968 4969 18140 13932 30513 16118 24599 3929 5586 8472 20712 900 16567 30836 30703 26461 27040 25246 25599 6078 7695 2784 22479
16077 18591 13879 13811 24611 7319 20639 26891 28718 24511 24464 7227 31443 1651 32201 22491 7512 22005 17484 22127 22402 264 17578 9689 30714 29370 30848 26829 10229 15233 19010 19590 23060 21641 6967 1719 8329 11597 27333 28613 11900 14181 751 3379 2221 25758 19996 8286 10586 19280
14874 3434 7011 25836 19554 11900 20652 6869 19358 26409 14275 5489 8808 3119 21699 383 24405 29539 24952 16299 30258 16363 14531 12895 9869 16045 4416 7645 11128 26375 19239 20107 6281 21441 21872 31117 2085 18496 28219 2969 32510 5628 17006 23047 10459 30260 12448 27176 21144 11232
11232 21144 27176 12448 30260 10459 23047 17006 5628 32510 2969 28219 18496 2085 31117 21872 21441 6281 20107 19239 26375 11128 7645 4416 16045 9869 12895 14531 16363 30258 16299 24952 29539 24405 383 21699 3119 8808 5489 14275 26409 19358 6869 20652 11900 19554 25836 7011 3434 14874
19280 10586 8286 19996 25758 2221 3379 751 14181 11900 28613 27333 11597 8329 1719 6967 21641 23060 19590 19010 15233 10229 26829 30848 29370 30714 9689 17578 264 22402 22127 17484 22005 7512 22491 32201 1651 31443 7227 24464 24511 28718 26891 20639 7319 24611 13811 13879 18591 16077
22479 2784 7695 6078 25599 25246 27040 26461 30703 30836 16567 900 20712 8472 5586 3929 24599 16118 30513 13932 18140 4969 968 11024 26455 2359 25187 9213 29999 21580 18201 21796 12964 698 21236 8148 17879 23280 23008 30221 21078 9016 23252 11555 17133 11892 13886 15253 28586 18971
28339 7726 3120 26993 32726 24667 2624 10757 6022 974 23683 3439 15694 17234 17820 1097 13320 27888 8044 9836 8658 20290 18087 13422 18997 30229 5782 15963 26258 12868 8492 2993 26831 10450 3918 8352 13377 25927 21854 31874 6363 11087 10248 28055 7318 911 23887 5636 24354 16330
9688 32268 9165 29235 19064 20367 19891 5139 23035 5826 23077 22429 29494 9263 9565 24847 5966 27631 1378 25356 12361 32292 1848 23096 14292 29884 23114 25619 10837 29283 13851 27929 12850 3783 17962 12825 14178 19474 26661 20693 16180 29091 18512 25561 18526 26637 10294 26015 3912 29268
23441 22242 26264 24678 18293 25664 4096 5846 28610 1814 16710 2014 24266 23959 16786 31126 29504 13868 19198 13679 24675 2578 7258 31989 27755 25392 26430 24516 14642 26936 1620 20170 8997 4608 10213 2237 619 12577 22692 15326 23125 25295 6842 30958 17160 3578 29968 21359 6504 31140
9954 19231 16711 12676 27523 23216 1485 13786 31340 18379 25640 12947 12170 4166 19574 14751 1992 4259 9458 15505 24025 16331 7004 16759 4937 7178 4269 3835 4549 9549 11002 19385 20648 153 22951 19681 19144 8397 22478 4111 4226 4250 30961 7272 25090 14786 19422 18168 32215 17807
24545 5705 4021 29333 14383 16711 27531 31659 14736 1362 199 27685 7757 20386 12775 32085 15451 30178 31810 22851 10696 31238 7191 24234 2916 5487 6357 16949 6578 1856 26027 10489 10256 25089 594 6197 14884 21620 18456 22087 29577 10678 20271 6385 28089 31897 6198 7372 16444 23103
26119 522 18192 20472 29634 2674 29530 8287 29465 5271 12877 7090 32476 28762 13913 22385 28102 26786 11926 16697 12680 7768 14449 18657 11797 4264 6039 7636 13615 28276 33 15279 4657 3355 32513 16925 21021 8298 19626 21490 13287 4065 5637 31109 27906 1321 1937 16977 11819 4052
9947 8653 5236 31318 17952 17289 29330 11330 7743 21132 7785 13768 23268 28652 11991 24685 9456 21677 21951 24843 30509 23262 16984 1802 18738 27120 14262 1247 23699 600 17304 11716 14412 25703 16754 17592 7789 3687 5564 14520 2056 3577 19836 27197 29530 24748 3601 22008 4152 24544
320 16588 5819 29660 10626 16650 21549 2604 19086 16626 14901 2879 21028 22121 31808 19264 27932 3062 1841 12851 13485 30465 24395 5970 8192 14157 12381 2984 9718 15285 7215 4078 15160 26661 4907 29092 6271 30938 17230 19313 29988 16092 26959 25790 8681 4539 4112 27792 12296 4744
2628 19365 4220 7189 12896 2512 22413 31855 15557 664 4256 21402 10285 25870 20031 13198 6230 15085 25190 23921 9964 29431 27406 14357 30394 10893 7934 23474 5395 12943 1744 20199 30076 2932 3648 20717 5022 21676 6587 19740 1898 27444 3110 21410 6027 13177 26861 13184 5651 19057
32334 4551 4960 6646 17382 6675 13134 3172 22907 9287 12450 23412 21002 27529 23220 13914 14099 12928 6493 15132 28706 28874 17186 32563 31392 26050 20897 9063 7642 11378 16443 12006 1873 11477 8449 11685 31555 1616 13282 19962 1400 20337 3092 31096 22096 18153 4034 9485 14348 20934
24054 21592 18523 25332 26312 3151 25126 10228 16838 12560 25503 5852 3749 2821 15494 14738 27688 28477 28861 21059 20815 18184 31501 13609 21698 29396 15417 29564 11903 17478 25155 13239 32705 2970 29692 21263 11570 29758 27856 11311 22355 11435 5330 7991 15658 5510 261 14070 5420 29686
26603 1893 10348 25414 13906 8550 15364 446 4189 14268 5314 5308 10959 20812 8469 8216 10398 9365 5433 11449 26806 30828 1440 14962 28684 9722 19362 6432 23526 6137 16486 9480 2151 25389 6674 8812 22368 21536 30513 13422 17236 3616 25700 11049 10954 6012 26699 9484 32730 28413
25012 16248 18417 1697 17411 21147 6118 16286 32228 29837 30785 17300 5678 16299 24008 22291 19225 6194 8781 335 16290 27934 10678 9505 828 12355 8011 26432 32698 428 30534 32191 6523 18994 8343 17608 3543 16735 4854 13465 23496 6787 9518 5310 17115 21782 22438 2192 9304 27727
32562 20716 21166 25092 31771 24374 6947 24772 26987 5519 5563 28977 28796 20564 1896 32417 11457 5337 25202 9974 19414 357 12583 4539 21957 23152 30406 19074 18841 20762 21159 23165 31272 24302 29102 7514 22299 21207 6640 3426 3648 27489 23718 722 12562 6707 14929 8827 19080 19658
17709 30615 4380 22138 3545 29933 8478 22433 26182 22823 27449 15915 18143 12914 17221 15181 25081 32086 15182 19068 12668 6869 14051 9646 2770 6601 25250 17108 1294 3961 31746 13973 15711 31612 5474 6222 17845 29393 16977 17225 18868 3645 22559 4411 13784 22503 11939 27138 27880 13361
3404 17566 22431 471 12396 30063 23191 27980 4803 26032 32376 13139 26441 4146 22112 20187 28479 24411 28820 19999 6263 18528 23911 19196 4065 16321 6249 17044 13400 25348 24531 18466 5549 29620 17968 20254 27636 32667 2638 2196 13068 21053 358 4032 22131 2967 8074 25069 6475 30744
27214 23950 9894 1503 25016 17564 30232 29493 11115 32304 28798 4683 3089 4963 266 15927 31496 9060 32401 23850 23631 19161 6423 3062 11442 14970 14234 20158 11315 30954 29213 25342 21178 3031 5111 3773 6911 1108 21085 2319 28597 10868 9003 22480 18170 17450 24569 16029 14334 13151
8540 6933 5873 26451 32379 19024 25393 23863 7381 29599 5043 11274 15439 21636 3504 22450 11139 27122 20883 26461 20550 4808 10784 31513 12409 1930 27112 23728 10004 17248 747 18376 12654 14931 1165 25913 208 30917 19389 13744 15420 2096 29027 26500 7800 13602 17161 21463 23649 4727
20940 7919 32621 21975 25476 14293 8319 26993 21040 13101 12017 20216 9638 15702 12254 12252 29563 8133 8622 14028 20782 5533 28647 3691 25755 27537 9008 8528 24221 9981 14760 30531 27651 12354 21352 19380 26808 15456 8021 14717 24877 29145 13354 6107 11784 1219 16835 25769 13842 17965
18093 22494 8796 25270 13805 31815 4274 19562 14608 27015 4163 3038 31346 31566 29840 29837 9169 8664 19092 30836 32019 10151 31797 5867 22357 2179 28137 8901 12343 13745 8874 23466 14693 25457 12830 5810 12392 15293 7424 29253 12974 4670 19412 20784 31190 30097 17354 6410 11326 14778
24050 28616 11729 22502 3232 29853 7436 16231 31520 12309 26705 29676 5020 14196 10095 5375 14156 16203 9583 10948 13535 6490 18083 21486 18727 22956 14059 12546 13834 7919 3145 10450 15271 14867 18855 25139 32711 12581 28134 3840 12166 22891 31529 25683 26432 1218 8801 23552 11455 32311
32539 6996 1956 20963 3975 6925 1045 7178 21707 27804 11176 23413 18313 14488 16526 782 3245 21125 18178 18108 5755 32197 10482 24447 7639 16349 32749 17102 8148 23531 20815 2351 19330 21349 18602 22 3059 2069 15478 8962 6797 23380 2299 30676 17814 26245 3453 2673 22267 10452