4 1
2
3
5
1
5
5 2
1
3
3
3
1
2
3
20 10
46
39
23
45
10
48
10
38
5
2
90
56
60
24
90
2
2
30
45
48
2
10
15
24
30
35
45
50
60
90
500 20
73
70
25
22
10
71
14
40
18
9
92
19
19
3
79
13
3
34
58
97
11
18
60
80
69
91
57
92
3
17
29
32
13
57
87
40
28
26
78
42
93
98
48
1
90
40
84
17
16
18
42
59
69
38
44
51
34
51
67
71
31
85
22
30
1
56
11
28
28
29
92
19
19
9
99
27
37
4
32
54
53
62
15
24
40
55
62
53
73
76
13
26
65
55
96
64
61
47
87
79
57
94
39
8
38
43
49
13
66
23
100
49
66
69
20
54
56
33
41
90
38
39
64
62
19
57
52
9
37
30
43
96
95
71
60
44
43
45
40
88
22
93
24
53
55
33
6
96
13
8
5
90
29
31
2
62
32
21
93
94
53
20
84
27
21
13
54
19
74
86
59
23
45
13
95
14
36
64
64
35
8
83
64
82
95
2
51
54
80
83
69
85
17
26
86
100
17
76
78
25
24
21
96
35
12
52
30
8
5
60
91
37
67
67
51
85
30
14
2
10
35
13
92
37
49
37
32
52
90
19
80
47
27
25
84
50
61
87
4
40
78
39
59
13
52
4
61
79
51
21
28
15
5
54
67
67
89
62
51
34
52
40
95
28
8
27
26
46
30
87
46
73
83
5
79
51
53
42
8
9
19
93
37
32
94
81
18
53
89
36
6
39
11
1
20
76
36
43
6
71
57
3
79
36
32
84
71
84
32
65
32
78
12
55
12
34
38
7
64
73
54
74
70
6
75
7
6
28
62
73
10
55
80
82
16
15
18
18
97
90
75
92
66
54
24
18
45
72
41
52
9
95
66
47
59
19
17
30
62
79
21
72
100
40
34
75
25
28
51
5
22
28
76
13
98
98
30
48
2
10
71
68
23
13
26
44
24
74
75
10
55
21
31
82
76
45
51
71
33
19
89
27
21
63
86
90
3
97
54
95
52
56
29
78
24
21
19
77
29
12
86
58
10
75
23
29
15
99
66
62
24
94
38
21
75
9
29
84
54
35
3
64
77
31
13
8
60
7
76
42
76
16
91
23
7
87
13
94
1
13
13
8
40
87
56
10
43
89
89
94
42
93
35
11
65
98
56
88
100
49
8
87
6
82
88
57
85
68
64
76
57
71
55
40
46
94
14
40
87
40
1
5
10
25
32
45
50
52
60
65
70
72
75
80
81
82
90
95
99
100
0 0