5
5 3 2 7 9
1 7 4 2 4
5 3 2 4 6
1 3 4 5 1
1 4 5 6 3
1
1
8
1 2 3 4 5 6 7 8
2 2 2 3 3 3 4 4
8 7 6 5 4 3 2 1
5 6 7 8 9 1 2 3
7 6 7 6 4 5 4 5
3 3 3 3 3 3 3 3
3 5 7 2 8 9 1 5
4 4 5 6 2 1 7 4
9
5 6 7 8 9 1 2 3 4
7 6 5 4 3 2 1 9 8
5 5 5 5 5 5 5 5 5
2 3 4 5 6 7 8 9 1
8 6 4 2 9 7 5 3 1
1 1 1 1 1 1 1 1 1
3 5 2 7 8 2 6 8 2
8 7 4 6 2 5 9 4 8
2 7 9 3 8 5 6 7 2
10
72 49 87 35 56 15 74 68 33 13
61 10 93 55 23 31 25 76 33 62
43 37 74 69 55 66 55 45 92 13
12 73 61 84 51 23 15 83 23 32
12 38 63 91 99 51 36 55 45 27
41 76 18 90 97 27 58 76 58 52
83 15 43 39 53 81 47 28 76 94
17 90 13 59 36 62 21 25 88 16
59 20 92 34 43 57 90 22 31 82
67 18 6 54 35 100 29 65 61 22
0
