0000011111
3
0 5
4 2
5 9
01010101010101010101010101111111111111111111111111111111111110000000000000000
5
4 4
25 60
1 3
62 76
24 62
1
1
0 0
111111111111111100000000000000011111111111111111111111111000000000001010100000000111111111111111110000000000111111111111111110000000000000001111111111110000000001111111111000000000000000000000000000000000000000000000000000000000000000000000000000000000000000000000000000111111111111111111111111111111111111000000000000000000000000
8
5 15
20 30
20 50
50 42
250 200
200 171
180 170
300 280
