3
100 101 102 103 488
100 200 300 101 102
103 102 101 488 100
3
200 202 204 206 208
123 234 345 456 321
100 200 300 400 444
10
230 260 220 240 250
122 112 132 152 142
110 112 114 116 118
116 110 114 112 118
110 118 112 116 114
142 122 132 152 112
110 150 130 120 140
230 250 240 260 220
220 110 270 280 260
152 260 230 142 110
12
230 260 220 240 250
152 110 230 260 142
122 112 132 152 142
110 112 114 116 118
116 110 114 112 118
110 118 112 116 114
142 122 132 152 112
110 150 130 120 140
230 250 240 260 220
220 110 270 280 260
152 122 132 142 112
152 260 230 142 110
0