1024	D0301234	85	90
1024	D0345678	77	85
1024	D0641707	40	65
1024	T98032		0	0
1256	D0301234	45	90
1256	D0341111	60	100
1256	D0440123	70	99
1256	D0601266	75	90
1256	D0641376	73	97
1256	T95007		0	0
1344	D0345678	72	80
1344	D0611117	98	74
1344	D0641376	75	66
1344	T98032		0	0
1653	D0301234	85	78
1653	D0345678	78	55
1653	D0440123	54	96
1653	D0601266	49	78
1653	D0611117	87	0
1653	D0641707	49	78
1653	T99015		0	0
2048	D0301234	56	45
2048	D0341111	42	12
2048	D0345678	45	55
2048	D0440123	98	76
2048	D0601266	84	78
2048	D0611117	65	42
2048	D0641707	78	96
2048	T95007		0	0
3001	D0345678	87	85
3001	D0440123	90	75
3001	D0601266	85	75
3001	D0611117	0	0
3001	D0641376	68	66
3001	D0641707	88	65
3001	T95007		0	0
3159	D0301234	70	77
3159	D0341111	50	92
3159	T99015		0	0
3250	D0601266	60	80
3250	D0641376	73	44
3250	T98032		0	0
